----ESTO LO ESCRIBÍ YO

It 100	Secuencial	Paralelo	SpeedUp
	
1	0.0020		0.0007		
2	0.0010		0.0010		1.0000
3	0.0019		0.0008
4	0.0012		0.0060
5	0.0019		0.0060
6	0.0012		0.0060
7	0.0010		0.0010
8	0.0016		0.0009
9	0.0021		0.0008
10	0.0017		0.0007



It 1000	Secuencial	Paralelo	SpeedUp

1	0.0186		0.0078
2	0.0225		0.0073
3	0.0177		0.0092
4	0.0169		0.0077
5	0.0236		0.0068
6	0.0230		0.0048
7	0.0141		0.0075
8	0.0163		0.0085
9	0.0169		0.0085
10	0.0216		0.0091

It 95000	Secuencial	Paralelo	SpeedUp

1		4.7770		0.8228		
2		5.3701		1.3925	
3		5.9470		0.8849	
4		4.9181		1.2202
5		12.4338		2.0964
6		6.4020		1.7334
7		3.2410		1.3185
8		4.7046		0.8733
9		6.6595		0.8725
10		4.7465		1.2993






--Mi amiguito ordendó y calculó el speedup

Iteración | Secuencial | Paralelo | SpeedUp
1 | 0.0020 | 0.0007 | 2.8571
2 | 0.0010 | 0.0010 | 1.0000
3 | 0.0019 | 0.0008 | 2.3750
4 | 0.0012 | 0.0060 | 0.2000
5 | 0.0019 | 0.0060 | 0.3167
6 | 0.0012 | 0.0060 | 0.2000
7 | 0.0010 | 0.0010 | 1.0000
8 | 0.0016 | 0.0009 | 1.7778
9 | 0.0021 | 0.0008 | 2.6250
10 | 0.0017 | 0.0007 | 2.4286


Iteración | Secuencial | Paralelo | SpeedUp
1 | 0.0186 | 0.0078 | 2.3846
2 | 0.0225 | 0.0073 | 3.0822
3 | 0.0177 | 0.0092 | 1.9239
4 | 0.0169 | 0.0077 | 2.1948
5 | 0.0236 | 0.0068 | 3.4706
6 | 0.0230 | 0.0048 | 4.7917
7 | 0.0141 | 0.0075 | 1.8800
8 | 0.0163 | 0.0085 | 1.9176
9 | 0.0169 | 0.0085 | 1.9882
10 | 0.0216 | 0.0091 | 2.3736

Iteración | Secuencial | Paralelo | SpeedUp
1 | 4.7770 | 0.8228 | 5.8051
2 | 5.3701 | 1.3925 | 3.8581
3 | 5.9470 | 0.8849 | 6.7196
4 | 4.9181 | 1.2202 | 4.0296
5 | 12.4338 | 2.0964 | 5.9300
6 | 6.4020 | 1.7334 | 3.6926
7 | 3.2410 | 1.3185 | 2.4574
8 | 4.7046 | 0.8733 | 5.3878
9 | 6.6595 | 0.8725 | 7.6302
10 | 4.7465 | 1.2993 | 3.6520



---------Aqui estan las medias 
Archivo de resultados de rendimiento
===================================
BD|             SIZE|   Ts (s)| Tp (s)| SpeedUp (Ts/Tp)|
Test-BD-100.txt   |        100  |    0.001560 |    0.000990 |     1.58 |
Test-BD-1000.txt  |       1000  |    0.019690 |    0.007570 |     2.60 |
Test-BD-95000.txt |      95000  |    5.919560 |    1.22876  |     4.82 |
